 7.06770721298216e+000    1.75501845621703e+002
 8.98677519553265e+000    1.59334371585170e+002
 1.07485394205866e+001    1.65802049543542e+002
 1.26763149516869e+001    1.53917106202838e+002
 1.44670412403955e+001    1.54628853649513e+002
 1.63179631908175e+001    1.44945921993444e+002
 1.82107192331851e+001    1.35837757376034e+002
 1.99772158215813e+001    1.24632897669096e+002
 2.18877655501157e+001    1.24275991430120e+002
 2.38051298818630e+001    1.27270630953098e+002
 2.57153010213301e+001    1.26727527727347e+002
