-1.16550116550117e+001    3.60158811378324e+002
 9.32400932400932e+001    3.59979153637690e+002
 1.39860139860140e+002    3.63061004036614e+002
 1.63170163170163e+002    3.63870221919002e+002
 2.44755244755245e+002    3.62718744669964e+002
 2.56410256410256e+002    3.61253434911972e+002
 3.61305361305361e+002    3.61398980423371e+002
 4.07925407925408e+002    3.60253188545871e+002
 5.12820512820513e+002    3.59910929179222e+002
 5.71095571095571e+002    3.58600640551860e+002
 6.29370629370629e+002    3.58265961680596e+002
 6.64335664335664e+002    3.57609869804992e+002
 7.69230769230769e+002    3.57267610438342e+002
 8.15850815850816e+002    3.58235639699054e+002
 8.97435897435897e+002    3.57897170580097e+002
 9.44055944055944e+002    3.55938370572517e+002
 1.04895104895105e+003    3.56409119335949e+002
 1.07226107226107e+003    3.54454109576061e+002
 1.09557109557110e+003    3.53474709572271e+002
 1.20046620046620e+003    3.53295051831637e+002
 1.37529137529138e+003    3.52453616843861e+002
 1.42191142191142e+003    3.49681808706199e+002
 1.49184149184149e+003    3.49507836337105e+002
 1.68997668997669e+003    3.45898383459359e+002
 1.78321678321678e+003    3.45395417590540e+002
 1.95804195804196e+003    3.42440161464552e+002
 2.06293706293706e+003    3.40634487463756e+002
 2.10955710955711e+003    3.36236663065931e+002
 2.17948717948718e+003    3.34761877688707e+002
 2.26107226107226e+003    3.34748611821783e+002
 2.28438228438228e+003    3.32956203687911e+002
 2.82051282051282e+003    3.33194231243012e+002
 2.84382284382284e+003    3.33840847499384e+002
 2.93706293706294e+003    3.34150889760646e+002
 2.99533799533800e+003    3.35930032027593e+002
 3.05361305361305e+003    3.36245759660394e+002
 3.08857808857809e+003    3.35427066158773e+002
 3.21678321678322e+003    3.36056626300529e+002
 3.32167832167832e+003    3.36202171811928e+002
 3.35664335664336e+003    3.39611120586730e+002
 3.39160839160839e+003    3.41231451475354e+002
 3.49650349650350e+003    3.41539598612769e+002
 3.57808857808858e+003    3.44778365266170e+002
 3.61305361305361e+003    3.45910891276745e+002
 3.68298368298368e+003    3.44761309151553e+002
 3.70629370629371e+003    3.42806299391665e+002
 3.84615384615385e+003    3.47173801807948e+002
 3.90442890442890e+003    3.47164326188716e+002
 3.93939393939394e+003    3.48947258703356e+002
 3.97435897435897e+003    3.51217996096045e+002
 4.00932400932401e+003    3.53000928610685e+002
 4.04428904428904e+003    3.53157844865162e+002
 4.10256410256410e+003    3.54611783880077e+002
 4.19580419580420e+003    3.55409631019387e+002
 4.26573426573427e+003    3.56048666780374e+002
 4.32400932400932e+003    3.57502605795289e+002
 4.35897435897436e+003    3.58472530179847e+002
 4.39393939393939e+003    3.59767657816438e+002
 4.42890442890443e+003    3.60574980574981e+002
 4.48717948717949e+003    3.59102090321603e+002
 4.56876456876457e+003    3.59414027706711e+002
 4.61538461538462e+003    3.59406447211325e+002
 4.66200466200466e+003    3.58423256959842e+002
 4.70862470862471e+003    3.57277465082343e+002
 4.77855477855478e+003    3.56453086209184e+002
 4.81351981351981e+003    3.57260408967726e+002
 4.88344988344988e+003    3.56273428468550e+002
 4.97668997668998e+003    3.56258267477780e+002
 5.04662004662005e+003    3.56246896734702e+002
 5.05827505827506e+003    3.59984839009229e+002
 5.10489510489510e+003    3.62741486156120e+002
 5.16317016317016e+003    3.60292986146645e+002
 5.17482517482518e+003    3.58177269884587e+002
 5.22144522144522e+003    3.55568063372941e+002
 5.25641025641026e+003    3.56212784505467e+002
 5.32634032634033e+003    3.55876210510357e+002
 5.38461538461538e+003    3.56191938143158e+002
 5.46620046620047e+003    3.54227452764038e+002
 5.52447552447552e+003    3.55356188526920e+002
 5.58275058275058e+003    3.55346712907689e+002
 5.61771561771562e+003    3.54528019406068e+002
 5.66433566433566e+003    3.54845642162715e+002
 5.71095571095571e+003    3.55813671423428e+002
 5.78088578088578e+003    3.54501487672219e+002
 5.80419580419580e+003    3.55148103928592e+002
 5.86247086247086e+003    3.55951636439441e+002
 6.00233100233100e+003    3.56254098205318e+002
 6.01398601398601e+003    3.54626186821309e+002
 6.21212121212121e+003    3.54268766463888e+002
 6.27039627039627e+003    3.55072298974738e+002
 6.45687645687646e+003    3.55367180245229e+002
 6.46853146853147e+003    3.54389675365285e+002
 6.52680652680653e+003    3.56168817632232e+002
 6.64335664335664e+003    3.55662061515720e+002
 6.68997668997669e+003    3.56304887524400e+002
 6.82983682983683e+003    3.56119544412227e+002
 6.94638694638695e+003    3.59027422442057e+002
 7.00466200466200e+003    3.58855345196809e+002
 7.06293706293706e+003    3.56569446813349e+002
 7.15617715617716e+003    3.56879489074611e+002
 7.26107226107226e+003    3.57187636212026e+002
 7.31934731934732e+003    3.57665965470844e+002
 7.41258741258741e+003    3.57650804480073e+002
 7.43589743589744e+003    3.57159209354331e+002
 7.51748251748252e+003    3.57145943487407e+002
 7.56410256410256e+003    3.56487956487956e+002
 7.57575757575758e+003    3.55673053234029e+002
 7.61072261072261e+003    3.54529156480376e+002
 7.63403263403263e+003    3.53874959728618e+002
 7.69230769230769e+003    3.54190687361419e+002
 7.72727272727273e+003    3.54510205241913e+002
 7.78554778554778e+003    3.53850323118616e+002
 7.83216783216783e+003    3.55468758883393e+002
 7.87878787878788e+003    3.54160365379878e+002
 7.93706293706294e+003    3.55451702768776e+002
 8.13519813519813e+003    3.55419485663388e+002
 8.25174825174825e+003    3.57026550685087e+002
 8.29836829836830e+003    3.57669376693767e+002
 8.32167832167832e+003    3.60104610836318e+002
 8.36829836829837e+003    3.61560444975079e+002
 8.43822843822844e+003    3.63175090492164e+002
 8.54312354312354e+003    3.63483237629579e+002
 8.61305361305361e+003    3.64935281520647e+002
 8.74125874125874e+003    3.67028256296549e+002
 8.83449883449883e+003    3.68151306687892e+002
 8.89277389277389e+003    3.69605245702807e+002
 8.93939393939394e+003    3.70248071711486e+002
 8.95104895104895e+003    3.70896583091705e+002
 9.12587412587413e+003    3.71193359486042e+002
 9.16083916083916e+003    3.72000682244585e+002
 9.23076923076923e+003    3.72639718005572e+002
 9.33566433566434e+003    3.73110466769003e+002
 9.46386946386947e+003    3.73089620406694e+002
 9.48717948717949e+003    3.74386643167131e+002
 9.68531468531468e+003    3.74842230939792e+002
 9.83682983682984e+003    3.74980195955806e+002
 9.86013986013986e+003    3.77252828472341e+002
 9.96503496503497e+003    3.79512195121951e+002
 1.00233100233100e+004    3.80478329258817e+002
 1.00699300699301e+004    3.80958553641480e+002
 1.01165501165501e+004    3.80137965016014e+002
 1.01631701631702e+004    3.82081604032824e+002
 1.02097902097902e+004    3.84350446301666e+002
 1.02680652680653e+004    3.87267799950727e+002
 1.02913752913753e+004    3.88402221085148e+002
 1.03030303030303e+004    3.90188943847480e+002
 1.03146853146853e+004    3.91162658479732e+002
 1.04195804195804e+004    3.91145602365115e+002
 1.04778554778555e+004    3.91623931623932e+002
 1.05477855477855e+004    3.92425569010935e+002
 1.55477855477855e+004    3.92425569010935e+002